1
30 8
2688 8331 2954219 9670 8324 5829 9335 4927
4548 1461 5836 5277 3483 4337 2798 8508 9296
 7958 8969 3058 6989 1269 7202 2578 4857 4576
 1691 5517 9870 6443 4987 1470 2320 2049 4685
 6294 4903 8989 6165 9182 8569 1721 6224 9728
 4318 7132 1249 1698 9887 6150 6278 7091 1716
 3835 8033 8280 5582 9503927 2123 8392 1180
 3139 1052 8092 1694 9387 4363 9415 5826 3427
 8766 4088 5877 1435 9217 2071 6270 9170383
 1405 3539 7879 9424 1188 5317 2025382 9428
 5479 3489 1201 4072 5204 8724 7761 2516 1939
 2030 4796 4803 7785 9343 7315 7383 7979 6144
 8199 7727 8838 1842 2760 4867 6431 4914 6477
 8222 5258 4181 8137 8025 2639 7674 7848 4122
 6693 4728 1260147 3813 6760 4872 9675 6322
 9631 38 1408 6414 2649 6920 7858 7814 3514
 8401 3152 1855 2224 5038 6749 6821 5678 2939
 2111 8035368 1481 1412 17 7499 3760 1018
 1656 2022 4540786 9993 8487 9696 2838 4573
119 5370 7272 2023701970 4880327 8125
 8262 1911 5365 4354 1242366 1982 8612606
 4966 2770 7174 7314 7570 4868 7930 5165 9824
908563 1391 5566 8124 4501 1878 1178 8891
 69 3914 2353 9880 3257 6747 5399 9509 1464
785 8998 9947 7758 4262 9535 2092 3988 4372
 7539 8221 2386 7782 6192 3014 4156 3072 8303
 6359 1401 6106642 1209 5265 4739 2709 3738
 1602 5562 5095 6226 4824 9484 5526 6515 9261
673 8356 6071 5702 1238 5396 8889 10 2420
 3939834 8852 3849 9076 1387 7162 3981 9825
 70 6673 2937 5081 3685 1972 1160 1601 1627
 6993 8463 9464 7267372 5434 5302598139
 1152 3196 4995 6436 6788 7716 9131 9352 4607
 2097 9697 2548 1345 6830 6483 4829 5901 5712
 9506 2732 8980 6013 1885 6658 5228936 8840
 3362 1800 1794 5845 6721 6190 1287 8570 2707
 5235 2642 4988 9082 4013 8208 9501 5730 8676
 6979 9362242 8284 2404882 3282 7181 7795
 9743 5768 6132 7920 5279 2035 8438 8387 8982
 2284 1756 3713 7649 1350 4981 5976 2754 4751
 9071 6222 4375 3996 4074 9617 9233 2543 5007
 7996 5591 2021 5926 1377 4738 5850 7304 1547
 1194 6871 8812 1712 4133 9853 5154 1618 2783
308 1232 4265 3374 6304 9731 9447 1144 6811
 7148 1889 7618 8824240 3290 1633 2574 4716
 1197 6350 4896 4690 3842 3227 6763 7476 1426
 5719 5027 7980674 1904 8256 2576 5445 7264
 6075173 3086 3416 4183578 5601 3061 2592
 5117 9654 6105555 4920 1887 7781 9899 5595
 9992 8565 8139 4659 7190 5907 2105 9136 5608
 1848 4273 5149 6704 1734 6860 2340 9192 8593
 5150 8454 5693 3043 4730 9607 5729 99 5482
 4418 9643 9004 8390 9011 7984 5354 4038 9373
502 2764610 4107 7290 6023 9761 2601 8594
 8102 9246 3173 9302 2502 5645 28602 4511
 1286 9507 9958 2746 5696 5723 9495 9420 7068
 9724 6357 8925 1769332 7013 7461 1907 4450
880 6206 9578 5494 4922 3147779 1634 4696
 3294 8420 3351 8625 1589 8862 2250 6366 4287
 4120 2839 4225686 8920 9618 7842 7195444
 3037778 5853 8534 7018 3632 9030 9809750
 9788 4020 5497 8176 44 8877 5839 3538 1802
 5870 5446 1446 2579 1834 5295 9247 9370 9339
 3221 2345 9009 8107 2167 6247 2439 7489 4223
 2534 4086 8902 5854 3776616 7043 1410 5984
 2683 6812 4324 4779 2256 7904 5100 6317 3968
 8851 5629 6315 6695 7416 5747 9619929 9550
 9823 2002 4208 6641 9563 7394568318 4162
 4924 6135 2612 9423 4067 8403 8130 4771 6633
 8151 7426 1413 1161 4593 4648 7588 5005 4164
937 6782 5989 5914 6738513763 5605 4140
533250 5273 5688 6356 9995 2393 7395 7470
814 1533 3780 2486 9074 8771 8678 8547 3651
 8014 7514 9069 7598 6118 5124 8946 9208103
 4238 5695 9996 9322 7563 1105 1641 1013 5056
 1007 8300 4041 8437 7841 7015 8776 9422 3707
 3324392 7854 1273 8421 3380 7889 9849 2107
 7557 8875 5862 5965 2750 4474 7817 2841 3201
 1504 9979 7826 3997 4604 5625 2203 1984 1988
 7712 7723 1773 6620 4743 9902 3792 9435 5315
 4616 2669 5077 1224 2509 5592 1131 2147 7918
 4968 2067 8500 3895 1056153 1893 9949 9547
 2879 6027261 9417 3151 8716 8344 7292 1865
733 2164 4012 9792 8689 5785 3292 1422 5369
438 6525 1092 7700 6408 3225898 7554 7038
 4411 7650873 1895 1420 8949 1228 5924 4179
 9238 1415 3106 1669 3592273 4680 9810 6999
 6066185 9172 2405 3839 8684 7568 7794 5065
 8013 2605 6264878 4534 4830 5356 6548 9436
 3064 1680 8192452 1582 8591 3230 3695 9138
 4571 2899 6724 2623 8903232 5172 1156 1170
 6429 7385 8878 5802 8337 5530 5325 6668 4592
 9269 5002 9966 9700666 3784 8584 1581 4518
 3961 2289 5872 4740 3837334 5564556 3604
 5343157 2379 7850 8731 6558 7308 7268 4889
 4163214 1279 5159 8950 7048 9515408 3307
 8640 9581728 5739630 2184 6857 9804 7796
 5433 8152 4328 8927 5632 4506 3412 7244 5084
 1482 8837142 4542 2152 9150 3439 7150 1594
 8054 7901 6014 6380757 1014 2309 5884323
 5982643 9185174 7793 8036 8602 8722 7197
 8310 9900 8427 1561 6388 2418 7306 3770 8285
 6963 9416 1034 1613 6898 7825282 2776 4565
 4568347 2487 7869186 3310 3602 5098 3809
 2095 6761 9517 7722 7155 1710 1657 8912 3090
934 1544224 6370 9699 7319 5928 9790 3096
 5553 9041 9903 8549 1284 6124 1825 8690 2784
 4865 5798 7943 9160 6965 1765 9145 4272 3237
 7471 5163 1005 8963 8896 9748 3273 9105 9461
 8385 1957 8250 8909 5700883 3429 8879 7857
 7596 8211 1946 1501 1839 3719 9458 2636 4142
 6456 6828 7809 1272 6686 2971743 5794 5012
 5970 4105 7211 6346 9885 5080 4084 9746 1244
 3403 6028 4994676 8935 5858 6347665836
 7555 9383 9372 7361 8366 4190 1432 3567 3505
 1155 7688 7166 4193 2227707 3912265 8440
 7693 4600304 1192 5157 5834 6286 8779 6865
 9911 3016 3005879 8964 9402 1725 8413 8509
 5300 1173 3265 5121 6020 1635 1150 3716352
 6112 4196 7764 8601 7543 3112 7778 3109 6899
 1239 9612 8100 3822 3170 8317 2388 7500 9791
 5179 7355 3071 9326 6379 9288 3326 8242492
 6178 3815 2893 9560 4494 6159 2712 7228 9940
 5554 3894 4360 8540 6324 7566 6725 6836 1404
 1069 7797126 4806980 2876 3899 5115 1394
 4858 1309 9868 1397 1407 9519 8177 5053 8961
 4315 7907 6699 2115 6235 2262 6901 7170 5710
 5676 2955 1086 7529 4249862 1867 5313848
982488 6897998 4532 8993 9671 1292 8474
 1780 7801 1975 8587 4079356 7701 7824 1055
 5939 7609 5442 1931 5067 9918 1617 4816 7682
 2149 4840 8548 1604 7832 5535 2305 5513420
498 3495 9975 1522 5322 5185 1568 7513 3621
 5748 9346 4111 7780 8781 9021 2489 3138 8746
 5028 7978 2904 9500 9034 5674228 8747 8535
 5447 4442 5873 3919 8697 8019 6490 81 4591
 8204 1456 5237 1379 2874 1103295 2594 4402
 7120 4813 7118 4141 2351 3589 6729 2738 7581
 8430182 3341 2238 8655 2251 9591 7145 7418
 3448 2136 8955 1631 7099 7356 2744 4060964
 6634 6095 7225 7915 3607 4115 4045 4937 30
 5014 1213 4742754 7846 5499 5382472160
977 2589 2575 6427 5437 4472837 6120 2235
 4936 2703 4727 6476 5015 4356 6803 9441 1276
 1418 5329 5455652991 2564 7691604 3174
 4982 31 8656 9537 1623 9912 9253289 7138
 3659 9729 5756 6176 3781 5746 7752 3056 8537
 7946 1898 1059 6045 8312 9054 3989 8235 8349
 8813 7382 9518 3987 2186 7591 1639 2873 5309
 8405 7250 9659 8844 4640 5803 1579381 5105
 3737 1662 9117 3834 4979 7926 6630 8397981
 9277 1490 1135 3734 7556 6285 8804 9068281
 5101 8294 7031 9861481 9211 1179 1620 3874
 8455 1126 7072 6850 6011 4282183 9789 7952
 1746 4782 9252 9554 3920 9144 6093 1468 9306
 3699684 4286 1559 1682 5835 3704 1577 8144
 7400 7289 3095 5837 6065 4871 5784190 7738
 5472 4684136 3141 3569 3309 6351 4119 1622
 4973 3896 5453 6863 1530 3932 5859 1174 7717
 9586 9991 7972 5920 9775 7074 1886 3402 1630
 4441 8854 7085 6423 5323 3418 9886 7224 5878
 3507 4427 2084 5765 3031399 3097 8433 6193
 5344346 3176 6536 8212 7830 7025 9676 2989
 7484 1779 4451 8807 9258 6070 8968 4062 3124
 2408355 1078 7988 7880 3583 7297 7357 3316
 5904 4761 7929 4774 2752 2693 5395943 8544
131 6778 6918 5902 5377 7276 5380 2878 2310
 6881 2634 8161 4159 5021 7234 1395 9242 4732
 5584 3771 2292 9351 4094 6054 3182 2569 7432
 85 5905 7160497 9235 6697 4862 1732 1324
 5218 2729 8929236 1621 4136 2378 6943 8469
 1629 8555 5886 8471 7630 7917 6337 7110 8215
 8991 1958 5737 8453 5515876 9292 3300 9197
 9080 2780 6820 1008 5311 9504 3299 1450 7424
 6493584 5430 7887 4879 4718 6298 4352 9740
 3619 2638 7603 1814 4495 8224 1819 4014 6094
 9836 7270 5940 2161 2207 6141 9757 2421591
 4209 1961 5099 3662 4311 2864 3848 3098 6661
 7962 7269 3503 3302 8970 4321 3313 3073 7685
 8175 4005 2253 9148 7487 5860 5346 9530884
 4429 3636 5713 5299 3641518 4306 9555 4465
 4477 9364 6816 4902 4336 7122 9901 8496 4245
667 9293 7266 1414 5736 3451 9194 4424451
 9033 6852 9681 8585 7479 4313 1039 1973 3764
 6415 7007 5321506 6050 7408 6953 1934 1505
 9156 3985762 3469 8459435 3364 4584 4199
 59 4325 8230 9852 7214 1158 1966 6122536
 5560 6987 9856 6564 5741 9663 9837 1396 6139
 6478 4158 8272 8683 1856 4642 3845 3611 7370
 3658 2630 2919 2339 29 7442 6577 3574 5771
 5368 4619 6644 3246 4958 6573 8269 9129 8921
 4509 7037 5896 2942 2981 6258 8475 6499 6642
 5000 9794 9797 2426 7552 1805 7176 5443 1787
 2324 8630 2828 6307 3860 7405206 4410 1653
 5314 5217 7992 7136 4421 5547 8682 5047 4892
 3633 1321 4478 1642 2691 5173905 2226 1830
 3263 4620 8867 5751 5175 5230962 8154 5290
 4285 1329 4165 6513 6417 2980 6578759 1503
 1762 9047 4053 3787 2215 2718 1362 2266 8785
 2328 7233 9137 5044 2658 9313 8053248 9922
 1675 9207 4970 5162 8362 8721 5030 4793 4255
 9467 7009 5158 9099 1229 5692 8710 7896 6074
 7839 8603 7868328 3778 6923 5483 5705 2655
 5493 1348 4304 2013 8260 8155 9141 8825 5394
 1529612 5092 9674 1066 3530 8428 3017 7800
 5352 3477 1455 7318 8441 5673994745464
 3132 7576 6754 2692 9270 2588 5391 3368 3295
 6375 1713 9812 7706 4021 3801736 7621 7533
 7449 4754 6062 4618 9660 2645 7023 1688 5654
 8628 8936 4820 2740 6329 1306 7437 2591 2960
 3983 3160 7861558 8191 1914 7411 2657 9977
 8399 1735 8266 5358 7103 7358 2052 9425 1809
 1692 3320 5910 1868 7903 2219 4268 5946 3379
 6610 3512765794 6518839 8617 2413 7730
 9251 8101 8503 76 3498661 9985 9543 9703
783 8782 3311 9782 4624 1521831 9637 4832
194 3162 2283456659 3472 6879422 2958
 8738 7230 1182 9284 4843 1858 5883 8075292
 5125 6794 4317 4667196 3564 4393 8760 9142
 3554 5409 4309 5319 6707 8347938380 2442
 5463 7423 6978 1894 4953 7849 5498 5718 2882
 8622 3547 5137 8270 7664550 3625 68 5222
 8279 84 1133 1615 6078 9552 7863104 7121
 8962 3053 7783 1102 2190 5651 8031 9514 5931
 6539 2051 7109 8040 4629413 9616 6799 9959
 1341 9354 3857 6527 3976 8829 9444 3352 5680
 4295 9640 4848 3500 7652 5649 3281 5103 6922
 8652 1882 7659 9945465 3762 7530 6077 2557
 9382 6392 5913545 9585 45 3371 9704 8806
 8952 5766 1302 1127 4934 5957975655 1798
 1514 2121 4000 5061 5577 5711 7193 8018 6611
 4972793 9951 7844 2952 5698544 3689509
 8083 9719 4031 7608805 6406 7165959 4109
170 3508 3018 3452 4780 6320 3187 5726484
 5762 3945 8030 2402 1646 8533 8729 8119 2375
 8566 1304297 9936 4059 8050 7223788 2779
 4416 3479607 2757 3463 7613 7923 2922 4809
 3534 8187 4929 1195 1871107 6432 8893 3129
691 1411 1689 7035 8073 1186 88 8718 6174
 2672 1846 1478 2684 7928 1421611 6740 2977
 7646 6265 6656 5694 8741 1817 8959 7252 8483
 3419 3342 2656 2089 1737 1057 9411 7012 8080
 4906 1214 5606 4390 6386 4580986 4622 6969
 4841 4239 5917 6140 7324 2643 1910 9766 6837
 4461 6404 3727 1115 4227 7908 1702 3493 8068
 8098 9969 1847 2720 4334 8627 3013 2935 87
 2080 2247 2265 8133 9320 3274350 9570 2891
483 1813 9301 6496 4910 3454 3236 2539 3833
 5851 7731 1325434419 4737 5782 9735 9101
 2232 5985 5348 1742125 6649 8634 1117 9838
 6169 2456 2722 8122 9538551 9448 4185 3855
 3378 7004 9180 5508 7331 4674 6981 3180 1572
 7458 1744 8880 5167 6461 5626626234 4983
846390 8639 9845341 4073 3358 4293 4836
955 7106 9475973990 9800 1928767 1176
 2381 1506 3158 2472 7185 1940 2483 9915 5662
 2447 7061 2461 4464 7823 4645474 4834 6514
 1145 9690 5018 7198638 8698 5528 3393 9595
 4389 7349 9064 9527 8011530 8115 6921 5202
 1917 6465 7954 2905 8992 3040 5469 6052 3904
 3938333 1821 7343 3357 9930 9299 4106 9437
 3754 5480 5772 7139 4575 2110 6868 4475 2135
 8641227 6819 8467 5261 7634 1944 3102 1916
 4170 6622 4403 8578 8894 2845 8032 8528 8728
 7511 27 7955 7713 2053 5195 9806 3135693
 8096 9334 4536 8677 9059 4215 7200 1467 5283
 6263 5262 9321 4485 1163 6750 65601 2101
 8045 6884 9125 3527 9280 1777 3758 9916 6391
 8606 7130 8643 6233 7966 1390 6335 7098 7851
 1820 3557 6358 3648 9892 8425 9249 5810 2210
799 6521430 2468 2391 6560 4469698 3148
 5983 5467 6883 5938 7041 9173 1474 6111 6147
 8702 5868 5286 4316 9485 2765825 4070 2515
 9964853 7347 9536 6653 2628 8082 9925 5357
 9177 1569 9609 8423164 6191 6403 7536 3055
 5790 5570 6183 7592 5743 3070 5801 5952 9219
 5778 2477 7227 4887 6720 9338 1116 4707 6331
 4708 8091 9876 6060 4175 5143 4292 5226 9056
417 4777 9658 9952 6574 5372 1107 7909 6300
 3881 4452840 6185 7925 2571 6967 8041 9851
 5867 9528 7222 9163 4139 1564 5906 7141725
 7413 6962 4514 4448 8985 8595 1424 4554376
 5490 3259 3011 1139 7512 4792 9112 8691 9008
 7821 1322 2202 4302 6779 6592 2680 7683843
 6530 8669 2884 7386 6354 8494 6933 32 9919
 8364724 2347 4396 1644 3345 6858461 7087
 1990 9865 3795 6019 4434 2157 6887 6339 7544
 7134 8238 4348 5209 1087 9567716 8265 3223
 3577 4127 2466 1258 7071 4908 1097 2117 1849
148669 6428 9223 1171 5351 2950 6154 6199
 7459 1300 8439 9726620 1001 2008 5134 9265
316 2745 1670 9465342 5664 1640 4019 6954
 6753931636 4371 1705 4166 9406 1923 1207
 2675 4218618 7116 2549 1927 9983 1772 9305
 7053 3777 3366 6200 8686 3442 3549 9984 7521
 7753 7096 5820 6968 5386181 2559918 2723
 5057 6976 4556 9451404 5206 5416 9478 8452
 4296 3255 4388100 3955 1320 6138 7919 8531
 4849 6687 2424 1068462 8784 1785 5908599
 6046 4157 7553 9191 6223 7805 4695 1386 4171
 7422 9384 5815 9840 8832 5379 9153 7679 4938
 6213 1736 1134 4700 3692 2853546 2524 6367
639 1251 2999274 1936 9176 4243324 3461
 3426 2795 1409 8673 5436 5435758 5986 2973
 6501 6722 8223 5248 6705 2014 2940 2122 9987
 4415 8274 2055 8510 4990748272 5474 2527
 3854 9574 6904 3001 9291 3252 3077 3586 3350
 3697 7595 3390 2156 3799 3859 2440 7562 2006
 9753 3370 7518 1353 5459 9742 5031 3967 3376
 4177 8938 8478 6240 4457 9201 6957 8460 5855
 1679 9283 4517 7485 7313 9470 9310 1875 4581
 1768 8292 6462 5669 8524 7280 7492 2590 9090
 2315 9289 8171 6125 2602 94 9202 9965 4626
 4890 8777 9732309 5948 2061 1697 8290 9040
 6645 3269 4811 8543245 3467 2519 5734 1922
 4148 3455 1185 8758 8559 9755 9350 5301 2143
 2808 6059 3671 2430 2370 9241 8295 1942 6064
774 6606894 5129 6594 6708 8600 9459 7766
128208 4284 9254 7703 9502 3291682 5856
 7393 6024 2371 1354 8529 4230 3179 4129 8755
 4790 5033 3637 2562 3433 6906 3909 3785 3057
 8910 3284 3753 8322 9657 5990 3502 1971 6952
 5119 8141 7681478904 8845 7196 9499 6867
 4523 6293 5001 5663 9525184 7651 2885653
 2552 8705775 7605 4945 1498 2697 9684948
 2263755 4647 2616 2625 3397 8727426 4508
 5384 1614 1330 4189 9971 5207 9730 5293 9785
 9633952 8411 5614 8695 2890795 5102 5460
 7914 5717960961 9725 4529 3626 5634 1985
 9155 7834 2604 7878 3038 2380296 3650 6637
 8954702947 1037 2963 3821507 6986 7207
 21 2223 2844 2514 9272 4706 6244996 3480
 9123916 5543 6873 5070 3906 5138 9127 5072
244 2112 5502 5025 1419466 5458 8586 5282
 5107 2652 1070 7258 3192 9147 8136 7042 1497
 3535 8020 8117 6305 8786 4795 8820 61 6482
504 1643 4864 3032 1491 6665 3137 8942 3501
 1191 9695450 6638 7131 9622 5925 8497 7779
872 3367 8719 2756 3344 1372 5496897 9556
792 9802 8756 4746 7440 9522 2417 1664 1672
 2233 2969 7243 5779 9236192 3772 2597 9610
 9807 9166 9210 2748 7238 1361 3039416 3459
 6733 3205543 6786 4765 6076 5402 2382 3949
 8818210 5598 4275 5488625 2435 9187 2081
 1815 5227 9380 3966 2197 3922 4305 6696 2272
163 9474 6246 6495 9203600 8692 3925 6006
 7745 6151 5168253 1124 5995 9712 7127622
 4417 5017 4721 6472 7735 8860 3154166 62
 4561 4040 3168 6823 5403577 4408966 9285
 2541 7374 8357 2037 7021 5685 36532 2159
658200337 2342 6485 6717 8116 5478 7663
 6928 8064 9923 8240 2242 1913 3059 5960752
 4242 7111 3277 3146 4528 9811734 6271 3630
 4089 9862 8470 9453 7617 7486 2088 8901 7016
 5527233 8003 7820 6321 6599 4379 1257 2171
 5559 4557 7029 4355 6524 7829 7665 4613 6396
 2858 3478 7387 7285 5268 8431 3497 82 3847
 4212 5256742 1398 2817 5596 2805 8359 3647
 5220 9357 1795 3457 7989 7623 1104 6647945
 1462 3951475 6814 9060 8791 8882 6158694
 6849 6756 1824 4071 6736 3475 6435 5909 2763
 4241 6768810 4454 2815 4155 2399 1771 6209
984 9319 7299 1208 7242 6355 6595 3683 6605
 2303 3082 9399 2225 6073 4631 1303 5427 1632
 3721 1225 1141 6936 8944 1442 6038 2603 4056
 8057 2690 2178 3596603 3597 4128 4367 9632
 6646 8632 6401 1137 4827 9168 6402 6593 4951
 4923 1739 5597 2041 3238 3287 3698 6626269
 1193 4595 5581 1476440 4901845 67 8574
 1283 9134 1146 3627 4666 4131 6155 8111 8282
 2394 8931 4714373 4065 2288 7263 5345 6475
 6757 7818 6009 2806595 9600 8564 6716 1838
 2383 3130 4097 1360946 1015 2855 8254 9031
 3008 9667 5208 9486 8532 5106 8058 1545 3060
 9603 6895 9257433 1510 2188 2966 9583 8842
 4085 3194 4866 7551 9855 7115 1082 3769 9216
609 1278 7728 8088 9234633 1323 6290 4194
 7180 6767 3717362 1294 9943 5981 5703 6365
 3663 6116345 57 4691 9694 6458 5417 6444
 7066 9287191 1449 2491 5757 6905 9745 5827
278 5049 3224358 7921 4251 6504 9723 9329
 5623 4358394 1226 7983 7496 5919 4764 3797
 8429730 7947 3156 1524 8905549 4660 2498
 5912 5035 2273 6635 8301 2626 5066 6364 8614
 1715 8120 9468 8072 4365 8608 7164 1110 3959
 6547 7686 4974 2793 6663 3245 7624 8554 9796
 6389 1686 8336 8868 6221123 8562 5224 9639
 4531 7582 4946 9143 1915 7548 7558 4213 5808
 8579 3015 7002 1231 8974 6279 8642 9572 7606
 9780 2814 8664 8142 1265 5412 5647 9599787
 1980 4011 8306 3559 5405 2258 2883 3688 3868
 5376 6784 9312384 9575 8999322 5330 2897
 1233 6128 2154 1084 6972 5181 8754 4216 9878
 8297 2792 7435 3335455 3828 2902 1638 4431
 9784 2057 6934 3019 5892 7463 1528 4692 5201
 9972 4750 8546 6584 4939 5795 1053395 2031
 9738 5521 2213235 9928 3812 9842 7199 9290
 5318 9032 7892 8268 7354 7520 8858 1049 5239
 2004 7337 4976 6313188 6826 2505 9920 9917
 3347 2614 1326651 7154 8987 4503 6771 6397
360 4669 6373 9314 3614 1370 3793 1804 2327
 8219 7997 7217 4443 9815 2397 3189 1352 1334
 6400 5831 8958 9455 6394 6198 9512 6608 7406
 5291 6230 1356 9873 1671 2260 4069 8865 9624
 4487 6411 5518 4526 2401 1378 1021 7853 9220
 1520 9781 3462 2511 6187 6949 3836 9079 5029
519 9805 3643 9199 4124 2048 4596829 9115
 1081 8539 1074 6843493 3474 4083 1549 4772
 3209 1285 3391 4174 1708951 8196 72 6016
 7976 6636 8588 4652 9642 4928199 6688 2134
 1790 5812 8442 3030 4438838 5637 6383 9036
 5792 8395 5529 6214 1607 2945 1384 8167 2038
 2220 3804 8799 9942 3913 2871 4594 8182 6455
 5951 8558 2471 6103 2857 9877 1818 6047 4032
 6416 6581 7931575 4261 7419 6559 1443 2991
 9893 7734 1417 8351 3624 3529 8773 7101647
 5750 5420 2705 6801 3691 4950 9615414 2613
 5060 4258 6309 6170 2451859 3207 8660 7702
 9157 5788 7840 5735896 2953 5075 8076 3943
 7765 3742 6529 1869 7075 9205 3644 53 3069
 3145 1827 7629 4722 2533 1246 3800 8087 8926
 2561 1580 3091 3023 2445 3872 7642 3262 8480
 3212 9057 6520 6363 4125 5671 4512 5998 78
 8216239 3276 1764 2237 1610 1216 4850 5569
 8797 4662 1125 3803 5631 8809 4044 4709 4414
 6410 2927 2026490 2306917 9215 5725 5306
101 7640 7916 5069 7741 1509 6701 9088 2093
 9317 4382 2116 6157 6586 4873 3365 6629 7273
 9381 8576 3317 9330 7089 9479 9375 2681 2346
 9596 9020 6025263 8913 4733 4725 5997 1541
 7990 6510 1730 8895803 8416 9000 1436 5955
 8485 7279 2384 3986 6588 1113 8990 3509 1565
 2513 7335 1833439 2497 5333 4724 9685 9226
885 9496369 6628 6652 5457 7044 7615 3298
 9239 7391 2241 8391 7451 3305 2881 6864 3532
 3337 4077 3105 5752 4279 9741914 3556 7209
 6730 9439 2961 2800 9882 3952 1427 8864 7173
588 2583 5945 9666 9727 3428 4589 1935 5250
 4543 5683 8313 8732 1054 2269 5045 6675 7260
 6182 1560 4747 9121 6888 8790 2366223 1626
 6043146 7648 40 2606 2595 3333 9118 5738
 3862 6604 9198 4544 1495 9669 4753 4833 2109
 2522715 6049 7105 3725 4520 5619 8737 2464
 7532 4823 9716 4644 2983 7169 3970 6189 7213
 3041675 1094 5074 2016 5918 9396 2565 4345
 6759 9778 9950 8853 6172 1203432 5210 7515
 3994 8372 5677 7161 1587 3244 9231 3050 79
 8315 8047 3369 4198 3907 2183849 5304 3360
 1157489 5819 2085 1535 6216 6473 3751 9085
 7635 5576 9113 8140 2334 6001143 3798 5894
 3312 2836 6601 2075680 2761 6854 1841 2024
 2804 2924 2118 6282 7580 7090 1437 3414 8464
 7754 4093 9839 3272 1508 3021 3582 2525 2198
 4036 2060 5423 4149 5999 9774 6107 5214 6935
 5039 6202 1995397 9457 8174 4347 1167 3126
 9889 4538 2965 8517 3283 7888 5249 4856 8007
449 7503 6685 6613 5848 8063 9682 9529 9365
 5720554 7454 2252 1930 7457 1220 3161 4971
 9584 2867 6260 5425 1012 1667 3487 2056 5754
 6447 8696 3066212 7353 8740 2794 3431 8811
 9221 3165 5830 7498 6640 5421 3022 6834 6034
 4569527 4108 5349 6439 4564 4387 5144 3965
 7867 1451 9061 1951 1147301590 2662 2029
 9828 6325 5659 6003 4653141252 5267 8404
 9195 1184547 4603 1929 1896 5361 6195 5229
 6502 6201 6451 7810 8666 3588 9206 9409 7371
117 5864 1311 3930 6835 5759 9505 9264 9449
 8383 6713 2364 7171201 9204 9347 9982 4949
 8636 2018 3964 9049 2443712 6925 7882 2103
 9768 4173 8059 1666 1718 5644 7163 8160 7036
 8386 4560683 7895 4842 8363 2762 4588485
 3523592 5401 6368 7784 8245 4492 95 8398
 7294 4314 8049 6546 7277 4135 8209 6971 9106
 8911 6287 4602 6728 7257 9005 3877703 7028
 1724 2114 4023 1042 5438 5393 6765 9821 9368
 4606 1534 5714 2204 3929 4343 9369 9606447
 5977 3622 9520 4650 6344 7884 6723 7177 3388
 5575 4785 6051 83 9542668 7032 9426 5193
 9038 1996 2785 1245 9044 5504 7219 8190 1452
 5963 1747 9440 3510 5046 4676 2673 1022 3081
 6031 7390 2248 8917 9569 2974 9311 7522 1237
 8596 8713178 3092 2199 8090 5338 2358 3231
 8707 4611 3652 2011 2865 4010 2050 6442 9348
 6937 6163 1948 9635 8354257 5426 7590 5171
 9875 4853 98 9139 3794 3931 6434 8648 7940
 9756 7321 5191 8146 7049 9268 1953 8042 8828
 8434 1364 8183 3879 9858 51249 3256 8671
 2372983 6441 3488 2462538 6280 1876 8637
 3540 64 8271 1154 8979 9739 6751 5186 4516
 9232 7415 3944 4805 9029820517 5706 2529
 3322 4022 1025 7777 2666 8166 4767 7183 5292
 7922 1123 7192 6703 5732 3655 7359 7506714
 8996 7772 6671 6813 5050 1763 7739 8550 9577
 6306 8205 2796 2208 6234 6781 6531 3123695
985 41 1665 8557 1472 2196 2007 8197 7282
 9580 4276 8028 3466 1077 4455 5655 7600 2646
 5079 3841 8609 4719 3739486 4253 8008 8029
 6452 1782780 3125 6098 3802 8388 3736145
 9931312 1599 3669 2972 1138305 7747 1726
 6944 6772718 9043 9701 6109 7157 7008 2751
 2659 5823 4582 5556 8081 7900 2607 5461 4486
 5378 1346 5643 5316 6678 4493 6145567 2279
 4068108 6296 8943 3280 8086 1816 2862 3687
 7775 7746 9488738 8484 4498 6796 9367 6964
 2293 1051 5020 7933 6326 5037 6068 7453 4633
 4100 4546 6845 6926 6541 4121241 8069 4969
 4240899 7017 8644 2895 6148 5879 8975 6262
 9482 4099 9224 8129 5088 9124 4541 6142 5041
 1473 3491650 2635 6512 1600 1880 8384 3788
 3432 4930 7128 9601 5516 9937 5731 2929 2091
 9248 6839310 4496 5773 8334 2127 7626 9718
 3328 8708 1073 9707 5076424 8323 8298 5666
 8188 7081 2537 3814 6281 3010 5841 6654 6568
 4037 7870 9548 4776 5531995 3887 1989 5196
 6353225 9263 1543 4187 4590 8768 4137 8839
 6537 1683 4200 5661 5994 6808 3846 8409 52
 9798 5104 2753 4160 2506 6196 4384 7351 5303
 2036 4693 3356 5398 8135 3052 3757 2390 1690
 3490 4290 3329 2553 9386 8581 3436 1552 3993
 4712 9260 1019 5944 6114637614 5174 3045
 8650 8846 9989 7736 2721 4965 1101 5889 2964
144 5749 4026 5587 3982 8225 4219 3202 2228
 5350 8795 5620 8523 3332 5392 4232 9834 5722
662 8757 2146 1331 1444386 2312 7271 4745
 6619 2246 8873 4342 5979 3166371 2727 4878
 6534 6744 2870 7542 6369 5618 7433 4521 2701
 4794 5236 9908 4359 7641 7673 5090400 6910
 5048 5568 6532 6994 5670 8922 8466 6341 1487
 4898 4420286 9460 7575 9018 5484 8752 9994
 2931 1873 6545 2218 7787 7709487 8645 5594
861 4381671 9358 4802 7743857 8830 3746
 2932 7291266 4247 7368 1608 9714 7661 6448
 7760 7307 8726 1864 7597 4335 7726 7456 3318
 1921331 7474 3761 6669 1994 8536 5270 8620
 2546511 6303443 2593 1550 8663 5599 5956
 9818 4585 4952 2558 8462781 2319 6583 7733
 1149 5607 2374 9391 8635 6681 7838 6385 6274
 7578 4703 5059 8207 4894 8665 6616 8836 3962
 1593 9511 4437 9709 9664 7239 8346 8984 8789
 6932 6780 3703 8619 2915 9327 7774770 4104
 5009 8231 7941 6659 7293 5937 2816 3975 1477
 8210 1489 9462 3646 3628 6085 7005 7296 8967
 4307 5188 5078784 3942 9408 1038 9492 9776
 5381 5843 1312 7505 1045 2229112 3888 2062
 7034 4134 8253 9786 7253 2599 8538 1204 3629
271 8360 7064 4736 7759 4735 5742 9404 9787
 1888 2396 9355 9677 9039 4646 3020 4854 1460
 7140 8378 3373 8415 4419314 3518 5132 5280
 5699672 9551 6088 4678 6662 5866 4905989
 4391 5728 4891 3127 3024285 6533 1492895
179 1011 7310 2369 2622 5054 8148 8445 20
 2517 3047 6791 7153 6975 4638 9997 2728 1093
 1685 5451102 7948 1469 2921 4340 34 6948
 1701 6660 7438 5288361 6680 3824 6893 4859
971 2296 1792 3858 6535 2336 9332 8598 4686
 4110 9092 8094809 3678 9318 1703 6099 4921
 9844 8530 9961 5934375 1064 6838 1781 5131
 4146 8623127 5310 8099 2988902 1485 6248
 4655 8848 4844514 4462 7144 8638 1636 2741
827 4687 1645761 1707753 7444 6542151
 2257 3167 4553 7602 5360 4182 4770 7302 4236
 8327109 9647 2542 1301 2291 8947 1619 5621
 2755 2877 4294 3826 8407 3103 8709 2840 6464
 8255 1177161585 1784411 8966 9587 5337
 9883 2015 2407 2678790 9250 5624 73 7944
542 3323 7069 4812617 2536772 1459 7439
 2677 54 5161 7517 9905 8506 8572 8816 2978
 8900 4423 6042 1063 1268 1981 3183 7378597
 4577 7504942 8305 1598122 9107969 5197
 4211 2585 4058 5679 2737 1035 2488477968
 2438 4991 2042 1385 1823 9935 3722 1745 7939
740 5094429 6446 1750835 1080 8263 4152
 1493 9174 5006 5510177 6691 4259 16115
 5141 3409 8330 2586 1624 1075 9414 7398 7123
 4489307 7975 6035 4033 4579 1448 2528 3267
 9078 1240 8884 7811 7443 5213 6101 5464 6015
 3733 7305 1376 2856 8461 5796 9025 4597841
 9016 1291 3486 7696 3898 6947 2072 2261751
 2275 8904 5936 2083 1027 1755 3211 2716 7710
 1159402 5542 7102 23526 3293 7843 4270
 3261 3437 7993 9110156 3693218 2316 7894
 7462 3590 5212 9256 2906 3875 4280 4214 2566
 5563 2434 8995 5932 6382 9438 9546 1853 4963
 7220 6991469 5769 8089 2650 18 4055 7567
 8447 9200 4943 4688 7828 4784 1048 1100 8519
 7051 7367 7750 3253 8105 7431 8948 6790 3767
 7126 2467 3036293 7178 2234851 4886 4398
 4651 9783 8132 6556 5681 9481 5184 8361 8767
 8479 3044 6449 2894 3763 1738 1132 4263 4303
 2355 66 3551 7669 7045 3434 6775187 2909
 2826 2125 4082 1475 5503 6500 2077 6870 3210
 4661 4689 1668 9801 1023495 5093 3258 2485
 3217 15 9763412 4406 2086 9022 7112 3444
 3468 1803437 19 8941 1058 1655 8237 6755
 3204 9027 6743 9803 4852 4310 3006 5844 7380
 9656 6890207 9472824 9963 8227 3661 8972
628 6395 8567 1609 9158 5611 4847 5281 6853
 8994277 1199 7725 1047 9340 97 4326 7628
 4535 2831771 5546 8930 3268 3599746 5847
 4912 1198 8551 8418 8872 5116 3511 1423 7899
 2137 6422 9010 3528 6960 8065 3430 9303 2280
 5744 1999 2786 8358 2361 7535 6336 1166 3215
802 5991 1986 7654 6582 1222 9046 2100 3900
 2496 3726 4634 6252553 1282 4822 5567 2733
 8345 4550 4168 1968 4670 8681 5665 1925 2145
 1605 4608 8149 2629 9946 2124 8815 1190 7070
 7619 7699 9767 2997 8906 5097 6481 4413 9749
 4188 4167 3892 4024 7897 3852 2799 5954535
 6134 1383 7837 8700 6136 6554 4720856 1076
 5817 9668 7450175 1254 6833 8095 7149 6793
 4283 6445 7441 4885 6651 9398 2130 2278 9817
 8350 7876 9590 8788 8202 9012 1540 4254 4657
 2119 7593 5008 4547887 1759 9366 5609 3600
869 3992 9353 3400 4432 2239921 6108 5216
 6903 7194 2787 1060 7964 3657 9869 1660 3666
 8599 5627 6974 8426 2160 7545 6149 2356 8694
 7690 8703 1918 9450 2803 2984 8521 8233149
 6569 7953 5413 5170 7971 8259 1389 2240 5968
 1431 7246 8180357797 4460 7611 7587 3581
 2099 8353579 8004 7871 8520 7698 4729 8246
 76045034 5571 6797 6876 5452 6188 3163
 8513 3779 3606 6866 5852246 7143 4851 6861
 8507 4510 4267 2777 3668777 3297 2568 6624
338 5253 4698 9758560 3181 5234 1562 7024
 6316 5169 3306 4323 3119 1466 6433140 5616
 7076589 2986 2271 1295 9002 4957979 4407
574 3149 8693 8286393 5383 3724 4488 5961
 6807 6946 1977 2608 3806 2297 7645 9183 3936
 1967325 9568 2771 8024 4985 1663 1148 9014
 4500 3190 8394 8633 3570 8613710330 7381
583 2444 2359 7721 2410 9281 9378 6682 6664
 9594 8522 2821 2687 7751 7790 8887 9508 4587
 5326 4087 9573 1513 8511 8067 6956 3755 5244
 5895903 7287 6338 8986335 5128 2609 3286
 1723 6372 9456 2832 5967663 9661573 4786
 4015 1862 3537291 4807 2766 5073 5440 9751
 7256 9907 9133 1829 7890 6874 2102 9295 8021
 8796 8518 6254 3897 7466 7083 4395 2010 6018
 8607 1583 7509528 3078 8104 3108 9646 3645
 1812 9431 2163 8744 1758 6327 6982 1316 4349
 6137 2695 1612 2331 3185162 9128 2975 2276
 4787 7527 2286 6984 1471 1344 5701 7137 6552
 6869 5697254 8380 5524 9773 1136 7744 5863
 6804 7678 2348 9533 9691526687 9189 3774
 9702 7799 3208 2523 2254 5635 5085 6330133
747 39 3934 3956 4482 5130 1731 6467 6540
 8010 5176 3492 4552 3536 7789471 4394 6184
 1371870 2300 8022 5408 2326 5791 92 4260
 4723 6842 2888 3978 3561 3513105 5828 4399
 6242 1315 2943482 2000 7205 8810 6805 8749
 6194 6181 8512 6726 2165 4641 8410 5507 9259
 1831 6017 1483 8406 8778 9799 4042 6734 9904
 8085 7298 9328 8074 3905 6792 1852 7078 7970
 6631 1205 5755 5278 5040 8662 1433 3672 4369
681 1937409997 2504 2414 3723 3819 8571
 9611 4075 3243500 5133 6005713459 7345
 3924 8432 5026 3940 3405 2706 5118 6517 6283
 3563 6488 2944717 7047 8493678398587
 7468 8443 3425 8560 5063 2907134 2802 7086
 9072168 8257 9097 6261 2819 7656 3289 4874
 6995953 5232 2175 3908 4711 2621 1850 6061
 6745 7348 6896 3748 1310 7612 1941 7836 1036
 3963 9549 4264 7434 1661 1447431 5770 6284
 3684 9374 6657 1128 63 2824 7924 6463 4204
 7573 6719 8318 4984 5071 5247 9196 9371 2350
 9087 3715 6856403 9086 4205 1366 5640 1720
 9083939 6818 7388 4515 7414276 6266 9222
 7969 9557 8805 4749 8769 2941 1029867 6877
 6973 5221 5004 1943 6037 7430 4572 6129 2908
 4202 7658705 6572 4798 5489 14 3233 4453
 5260231 1313 1796 8348 4351 1305 3012 8870
 6319 7129 7175 4694 1903 8610 5704 6711 1499
 4220 1963 7670 6312 2206 8735615 5809159
 2416479 2898 4153 2465 4426 3808 6714 6623
 5336 3331 9692 3394 3155 9686258 3392 4052
 8126 7855189135 5865 8186 8077 6880 1761
 8414 6938 3101 3660 4192 3880 9489 6259 2998
 3169 3807 2106 1494 3635 7329 9981 7677 4237
 4145 7707 4430 3099 8343365 5284 5652 6241
 5145 5916 5123 5763 6225 5975 5838 8908 4091
 9193 4637 7236 9304 4048 9316 5200 7773760
203 4925 5241 1262 7594 2087911 3239 2335
 2457137 9644 6770 2560 3116 6084 8965 8248
 3025 1264 2735 2362 1684 3133 6498150 2818
 5064608 4967 7815 1752 2047571 1250 3575
 5177 3866 6352 7417 4490 1654782 2148 4977
 3275 7974 5454 9111 1578 3829 9430 9149 9833
 4224 1479 7262 1438 8236 2365722 7528 4907
 3744 7407 2671978 9621 4409 2660 4098 9091
 4433 8264 5219 8338 4319 5259 9493 3580 8023
 9672 8973 5753 3240 5407 4610 3074 9765290
 7189 4826 1586 6160 4378 3889 2976 7420 5254
 1227 7079 5011114 5189 3218 2526 4789 6955
 8553 9429 3999 5890 7911 2550 5495 7229801
 1347 1748 8422890 8376580 8341 3853 3605
 7639 3560974 7991 4027 4504 5947 8983 6409
491 1108 9913 6362 1367 6460 8821 3990 8402
 9602 5758 9184 8750 9096 4775 4525 6063 7135
721 7616 4760 1496 2492 2298 8002 9843 2767
 7344 6894 2551167 1576 2797 4975 5816 4123
 5013 3443685 3910 1743 7719 3107 8162 4654
454727 6528 9045 2003 9589 5787 6497586
 6929 3585 7108 3572 5641 8103 3415 3706 2400
284 3749 2243 9190 5476 3935 7865 5686 6297
935 1079 7537 9154 2295 3977632 9151 3134
 8616531 1651 3979 8108 6486 9938 8015 8801
 9832 8505540 2933 8783 7601 5324 7151 7247
 3796 37 9286525 6602 8739 1072 6121 9028
 1289 4635 8918 4524 9733 4050 4855 6913 2330
 8382 8798 1711 9866726 8890 7526 9816 9705
 6345 7376 6479 9764 5534 8000 9084 7346 2573
 4918 1991 9397 3175 7577 9015 9531 7724 8580
 9345 2778 9392 3876 2028 6012 4962 4944 8780
 6426 4150 9167 2333 3714 5775 8281 5404193
 2789 3198 1960 4800 1247 6607 1659 6333 5978
 4480 3399972 9628 48 2185 5266 3516 7877
 7495 7999 5880 5690 2920 96 6855247 4035
 9754 8631565 1114 80 8451 2073 5367 2076
 4473 2168 3740 1380744 3710764 6097 5724
 6215 5708 3610 1290 3863 6587 7226 2191 5660
 7254 7095 1932 8822 7708 2192 4397800 3247
 6203 4449 6113 2582 1010 8582 2321 1993 3460
 6538 8198 4734 4877 9534 7077385 1440 5155
 2850313 7572217 7093 1767 2314 16 9593
 5580 3150 2925 5764 9933 9779 4989 8239 4932
 6295 7912 7985 3598 4808152 6177 8489 5178
 1043 2772 3476 3832 2064 9737858 1950 4530
 5023 2807 4869 9229 8668 2454 7373 4459288
 5139 1924 9998 9161 7589 2307 6276 5373 2934
 5462 6958 8621 7481 8857 9847 4118 7932 3386
 1793 8027735 6217 9073 4539 2094 2736 7720
 8189 8667 2259 9630 6590 9225 8071 1030 3361
 6407 8542 4444 5114 6453 8514812 7094 2859
 2914 6131 8835 6566 1906 9245 8774 5709 2182
 2040 5390 9359 5275 3481 3640 7172 5806238
 5903 7967 9954 9244 5589 7694 6996 8814 6924
 26 3421255 4672 9927 5781 1976 3232 7516
 5194 7956 3971 8066 7320 2494 4863881 9510
 6795 1297704 6133 3458 2788 4180562 7379
 1828 5473 2344 5388773 8886 8866 5151 1338
 6143 3820 4009 1574819 3730 6523 9566 6238
 6615 2144 1335 2281 5927 6555 5328 9274 9634
 6378 5112 9179 5448 8034 4766 3681 3903 7697
 8472 9007 4481 4076 2389 6308 8720 1788 4063
 1020445 6237 6323 9771 1307 9752 5147539
 3521 3878 8723 7232 56727 8701 8468 6585
 1061 13 7523 6773 9897 2423 1428 6692 2869
 8751473 7671 1235 5182 6026 8932 3348 1349
 7480 1956 5340 5487649 3844 2851374 4960
 5055 6677 3595 7627 4271 7631 9948 2773 4057
 6058 5160 3565 2063 1673 7860 8863 1439 8147
 1062 7718 5110 3100428 1342 6562 8055 5885
 8060 2852 2104 9035 46 4583 3926 9777 5966
 5126811 5538 1546523 6387 5707 3587 7445
 1938 8044 9294256 7088 7080 2617 5274 56
 5363 425010000 2255992657 7813 6090 1884
 9829 6684 1962 5036 47 7856 9266 7167 3775
 2743 7614 6036 5793 8817 3623 74 1486 2667
 2463854 1293 4675 1318 3533 1299 5630 4458
 2173 3504 7191229 8046 5486 3870 5993 6115
749311 3571 8899 4008664 2027 2540 4300
 4980 8874 7874 3515 5052 1676 7792 8881 4757
 5533 3042 7397 77 9941 4717 7100 9432 4195
 9957 9188 7653 8093 7668 8333 6643 6171 6549
 6081 2479 8794 3562 9521 4066480 6739 2360
 8898 4909 1031 7883 5682 2830 3541 6621 7212
 9678 5821 1118 3079 8734 3084 1463 1897 8449
 3752 9052 8436 4702692 6301211 3178 9831
 7469 3756 1488 4456 2993 6494 2478 2992 4881
 9625 3171 6232 6627 1556 2903 4039 7704 7534
 2001 1296 7910 4741 2843 6080 3271 2624 3972
209 9388 3542 9410 4999 6311 9376 6789 5223
 1041 3186 8229 4301 1806 2045 3346343 3080
 3593 8736 9013 7816 7006 7334 6381 9872 4233
 2676 2480 4246 8112 5777 2043 2829 1271 5745
165 4034 2133 5203 7455 6983326 6506 4893
 2039 9986 9565 7464 5505 3954 7977 4505 4374
 7059 5558 8748216 7740 3917353 3359 2699
 7330 2311 2490 4837 5897 3948 2734 9389 8243
 2928 2847 6102 3121 6100 7632 4639 2302 4931
 2719 3164 4327 1837 1955 4744 3911877 4440
 8181 3334813 6746 8892 6766 4917842 5422
 8185 8516919 7427 9973 1987 7039 6146 1590
 4876 9864 2446 9921 7695 9341 8283 7429 5364
 3531 1674 6399268 9048796 8220 3552 7309
 1211 4047 1592 2337 7831 9939 1687 9062 2113
582855 6550 1480 4344 3609 9614 2640 7179
 3228 7187 9159 8159 9309 9970 1978700719
 9122 6454 2820 6509 6349 4663 1200 7547 4061
 9300 2406 2017 3343 7755 9822 6288 3113 3890
 8335 9100 7389 6916 1434 7363 4078 3702 4567
243 2079 8714956 6970 5308 9891 9262 4861
815 7342 4615 9605832 8109453 1106 5415
 2205798 3034 2318 2872 4277 4801 2277 6086
 9579 2189 5789 1375 6614 8164 6256 1554 6032
 2959 2142 8626 7510 3579 6609 5974 2065 8367
 4210 5523 6343 1219 5953 1016 9888 3711 3338
270 1754 3517 5899 8605 6878 2866 1109 4095
 1270 9513 4006 7084 2759329 4029 3395294
 7531 3712 1658 3991436 7819576 9427 8843
 6718 8134 4252 6269 4913 9109 1175 1454 7862
344 2957 7949 2181 1900 7477 7020 1778 2120
 7902 4804 7203 5600176 2212 9867 1183 2875
 6197 1162 9279 9558 5152 3303631 4380 5389
 7491 2668 8646198922 3766 7428 9401 5911
 4291 2711 9638 3406 3886 2078 1502 7565 2518
 8589 8381 3705 9344 5588 3241923 7237 5198
 7208 3336 2913 1571 2651 6526 2070 9042 1555
 6413 5068 9881 1083 6056 9909 5603 4499 5740
 7788 2427 8194 3843 5375515 9050 7625 5633
 3214 1557822 9655 2530 9342 2436 9967 3327
 2979 4016833670 4942 1872 9230468 6334
 6468 7142 7804 7749 2325 9454 9053 2368 7204
 3679 4281 4405 3791 6690 4425 2500 3229 4559
 2584 2724 3197 8745 3195 5849 7369 7156 8556
 5485 9769 3438 1288 5109 4799 1445 1457 9116
 1952 7762 9608 6310 6902 4103891 9066 1507
 2422 8495 8573 5537 6776 3048 5667 4875 7316
 4605 2313302967 8704172 9443 2685596
 9273 9693 2495 3249 8597 7322 2317 9680 6570
 1028 9471 5687 1997 7340 4513 2249 4537 1566
 5500 5511 3520 6589 1912 9483739 5083 2452
 4007 9325 3864 5760 7564 1088 6469 2714 1637
 4756 2453 1248 8674 1165 3745654 4773 1099
 5898 1189 5929 3631 5943 1969 3115 2338 6908
 9708 1843 9890 7033 3085 6927 1954 7742 5579
 6617 7692377 1512 3677 8951 1120 1877 2521
 7465 7119 6228 1515 3850 4601766 3789 6516
907 6245 3642 2343 5211 4762 6041 8647 1096
 3153 5842 2082 2166 1212 3601 4643 40818
 9744 8699 7364 7950 7981 1992 9934 6889 6732
 6491 9955 2580 9795 6618706 3398 1536 9679
821 3673 8876 5869 2214 1266635 3634 6625
 5539 5512 6862 1044 5285 8618 5481 5449 9879
 6110 9636 6008 8476 6255 5992 5371 4964 3144
 4681171 6596 2287 4947 1648 2923 8712 7847
 2508 7052 7184 3937 4445 2918 3279 7905920
 3578731 5824 6522 1741 3980 8670769 9065
720 7467 4184941 8611 8672 3068 6302 6977
 6639 6249 5087 6292 6709 5257 8329 1403 3266
 2916 6030 7113 2554 8928 6672 8051 8770 2801
 5263 4132 5774 3191 1143644 4368 9171 9336
 5972 8802 1281 1728 4671 4172 9896 2140 9645
 3027 7906 9850470 2654 6914 4229 9717 2385
 7333 6130 8490 2833 5638 3142 2395 8473 1261
 6390 8138 1861 6557 7245 9649 1317 9830 7610
 5811 8458 1280 9819 7647 2473 2812 7620 5888
 2887 1223 3709 2768 5341 7265 4436 35 8915
 2155 7643 7027 9446 6162 5003 5964 8725641
 2619 5492 6851 8038 4383 4617 2169 8277 7336
 7288 3696 6706 1357 9662 8214 4248106 2512
 9814 4197 8321275 4350 5642 4386 6841 6484
339 8448 9956 3104 9747118 1696 3496 7927
 1974 2598 3690 5335 9553 2412 4096 4151570
 8457 7571909 1399 7891 2170 4701 8772349
180 4599 8365 4933 6291 1196 9001 2555 3639
 2019306 2710 4614 4658 3950 2700 5973 1523
 3618 3765 8052 2956 9019 2637 7158 8978 8371
 4404 7559 7472 5525 7961 2510 5271 7540 7251
 7182 2948 7082 3670 2577 5297 7001 1902 7097
 9469 6827 1585 4555 3548 6087976 6156 3729
689421 2663 4046 7286521 4186 3089 4400
 6272 9539 8203 6096 9186 9929 7300 7994 6010
 5797 5022 9126 9102 8654 8869 3377 2665 5397
 1274 5091 1217 8153 1693 1558 6783 5032 2139
 4627 9835 1181 4815 6911 6752 3916 1859 3883
 7210 3033 7798 6470 5024 1537564 5465 2294
 3159 1926 8370 1826 7312 2096 1130 3003 3616
 4636 1355 3304 4941 7942 9665 4484 8685 2889
 4446 6419 8592 1527 4329 90 5034 4673 6123
 4176965 6985 3664 1112776 1267 8251 7934
 6044 3603 9360 1298 3680 4828 9524 3869 8953
 4562 8971 6492 8711 7248 2861900 5668 2995
 6872741 8241 1753 2068 8450 6992 9452 2951
 9212 6809 6505 6424 6257 5780 2153 6798 7667
 3143 5814 7945 5108 8320 4054 1275 6299 4341
 4625 3576 6945 2074 4895 3009 4755 3973 7317
 3524 5657817963 2357 2587 1836 7705 6632
 5557 1004 7168 8787 7875 7960348 1808 4954
 7959 9165 7657 5142 2329 1584 2868 1751 3288
 5264 8563 5410129 5799 9051 8568 7275 8577
688 8037 6243 6166 5893 4683 9960 9588696
 8039111 3203 7360 6689 5514 2682 1591 6219
 5252 8078 1525 3206 6067 3741 3499 2946 8575
 4835 3087 2531 8945 8172 7352321756 8491
 6029 2834 2696 2962 8218 2632 5233 2912505
 2653 4269 2274 2285 7235 1807510 1681 9813
 8234 1314 9968 3046 6575 1095 1221 8753 6579
 3157 5875 9006 8373195 7803 5882 7050 8143
679 7328 5807 9722 3422 2910 6941 7483 7938
 4018405 5573 4002 7019 7159 6737 9894 5935
 5180 6565 4677215 9895 4558 7350 2644 3790
220 8276 1575 9760 3654993 9562 5520 2825
 4274 6371 3573 3817 7812 8715 3506627 2044
 9081 4126 6277 4332 6980 7055 5653 9541 5466
 5362336 5532863 6236 8206 5636 6057 9267
415237 6785 2398396448 3339516 8831
 3718 5646 6567930 3226 2141 3555 1933 5242
 5540 9178 8897 3873 8977 1845 2725 4959 2046
 1024830 9990 2032 5962 7525 6679 2264 1327
 4748 6164 5136 1098 1400 5861 9403 2848 2230
 1901 8273 3000 3674 9898 7633 1567 1441262
 3278 3420 3811690 9228 6104 6748 5156367
 4897 5231 7448 3319 5406 7550888 1484806
 7326 9770 7014 4191 8624 7339572 1706 8400
 3308 7478 5432 8826 4956 2686 6079 1883423
 2731 9119 6824 4919 3649 3613 8446 1538 1700
 9561 2911871 1770 3088 3354 50 4769 4870
 3591 1358 5874 8885 6055524 8127 4507 8960
 4362407 3543 1206 8249 7026 1727 8232 8488
 2503 3413 7114 2299 5684 3676 8940 5959 8006
 2674 9906 2849 4788 6822 3349 3782 2990 1256
 8278 2012 9673 7201 5010 5320 4916 1111 6412
 7769 6764 4731 3984 7973 7864 1032 2994 1277
 1129 6892 5639 6959 1328 3838 2900 3301 4231
864697 3818 5444 3384 1218 4256 6600 8169
 7490709 9629 8296 3470 4915 6420808 8956
 8765924 8374 3901 5439 3363 5822 9613 8213
 6912 6227875 9333 2758 1009 2304 9400 5987
 3372 9394 1983 5691 2128 5086 8150737 6712
 8481 4883 1500 8850 1699 1844 2482 3851 2441
 3473 7249 5658 2545 5650 4333251 3446 3728
 8252 3441 2499 3004 3884 7729 9650303 4471
 5950 2349 5238 3584 4401 4574 4226557 5225
 5832 4860 6742 8499 6507 5312 8934 6825 1563
 1649 1402 3773 1430 1518561 9924 9337 1164
 8417 1835 3731 4346 6119 7117 1905 7737 5604
 2236 3546 2611 6503 9863 2009213 1230 1140
 2930 2034 1026 7965 2713158 2813 3608 7010
 8561 9152 9706 9297 8841 6915 5164 2367 8048
 4028 6438 4361 2615 9980 7872 1595 1695 60
 6990 2193 8247 3865 7852 4845 4533 2863 9648
 3700 4882 3783 6774 2880 6951 8976 8123 8730
 7622 7341 2854 3340 9089 4206 8097 7062280
 2664 3260 7392 2679660 3544 6251 3768925
 2066 2282 5251 9132 5246 7662 6033 5628 5334
910 1374 80263 7951828 6082 4466 9227
 2221 8680 4221 1202 3708 3653 9466 5871 6186
 2563 4080 2415 9275 9926298 6650 8287 5933
 8444 8675 1733 7065 4025 4201 6048 1337 4049
299 2811 1870 5148 3923 7786 1553 2775 3750
 8158 6239 5289944 2901 6360 7806 3075 8859
 9463 3617425 3122 2896 5051 8328 6603 7757
 91 9023 4715 3117 7549 8226 4522 3063 6377
 6092 6328 7637 8527 9476 5332 4090 8012463
 4364 5721 1964 8193 4339 8009 3029 5400 5296
 3062 6815 5183 9067121 5243 2469442 4818
 5305 4330 2476 5431 3928 6847656 8156 6931
 8056 8856 1033 3314 9576 4566 3387 9356 2425
 3199 2769 8043 5715 2363 7687 7756 3558 5825
 2268 9098 3918 2211 9442 7585 2448 1588 1811
 8492 6997 5857 58906 1551 2926 7968 6875
 1308 9720 6710 4935 9526 8168 3969 2822 2892
 7030 1947 6698 7579 2132 9390677 8629 5491
 5429 1766 7460 8228 8368 7538913 1351 2150
 4376 1650 9762 5602 6831 9164 7377 5552 3325
 4385 2730 3720 4986 7152 2474 5475 9114 5411
 2231 3927 8340 7040 9477 7231 6694 8498 2835
 7584279 1532581 6021 1215 3321 4612 8163
 8871 7278 6487138 1857 9848 1003 8914 8847
 4630 3995 7311 5656 9255 5387 3638 3522512
 7802 8369 2544 6909 6314 4101 5583 7569 1382
 6053 3396 3805 3656 9324 6207 1791 4993 8299
860 9282 5689 9874 6340629 2431 1892 5675
 7058 6231 5359 4030 6205 9683 9976 6762 1539
 1392 9169 7216 7063 6840 6648 4609 9653 9641
928 3449 8393 1801 6676 1373 5519 5339 9017
 4797 5471 7583 2938 6551 6508 2195 9487 6882
 7684 5833 7560 1332 9024 7327 4161 6398 2216
 5269 8106 7323 7822 3251 7384 7957 4298 1890
460 4656354 4366 1071 5506 9497 1393 7807
 8304 6211 9094 7259 6480 2176 7186 5941 5135
 6179 6126768 3830 3028 6268 2129 2222 8435
 6561 8504 8525 1799 6425 9363 1573 2647 5561
230 2610 5783 8326 9687 3958 9093 7672 7475
 2267 8339 8997 5549 8001 7493 7501 6758418
 2648 8775 2749 9627 7771 4143 6318 6069 7421
 5166 5585 92099 3188 3401 8688 3941 5548
 3375 2689 6735 9532 5536 55 3184 7711 1121
 8834 8763 7935 4370850 1531 1210 8017 9854
 3615 6212 5353 3315 2108317 2538 1860 1959
 9140 4888 8793 7301 5610197427370458
 1085 8819 8615 7436 5199957 5550 2373 5574
 3234 4710 9962 4288 8325 2392204 6342 9564
 7000 1368868 4447124 4997605 4502 8933
115 4992 3612378 1776 5876 8157 8659 7104
 6917940389 6950 2790 9559 1050 5767110
 8261 9710 1425 3051 6127 5418 9910 8288320
 1783 8957 7494 7399 3128 6474 6844 7748 4551
205 5922 3093 1006 8658283932 4144 8016
 6091 9540 1570 3450 3220 2507 6988 6393 1511
 3111267 6253 2172 2698852 1891 4519 3447
 6939 4900 8939 2209 9932 9846 5800 1339 4586
 8923 9026 7987729 4154 8759 5347 1526 5555
 3407 5192 7446 8121 6666 9626 7680 8419 5971
 2290 1091 4377 7057 3867 8526476 4064 6175
 6727 2600 5307 4831 5887 2403 2747 1881 6089
 8792 4207 9433807866 9075529 9978 1775
 2967 4752 8258 1797 7833 2493 7261 7873 2996
 3270 2308 1151 5617 7054 7452 3827 8717 5146
 7835 7283 8314 2200 5245 3254 2501 7401 1040
406 8657 2411 2194 1919844594 9999 2341
 4904 5122 2270 6859 3482 8195 7767 2332 6173
 8988 1965 3974 9498 8293 3383 5891 7995 9480
 2090 9713 8145 1616915 1832 2151 5776 2633
 7488 4257 2556 8352 7655 9820 9407 3566 8919
 3946 3177 7998566 4697 8389 2484 1122826
 3120 3330 3381 6802 2377 4563 8583 9070 7963
 4102494 4222 7881 4778 6591 8412 1729 6466
 1168 49 4726 6817 6218 4138 6544 2428954
 6700 7147 8545 4838 6715926 7241501 5419
 1652 1046 2581 9914 2201 1757 6598 8541 8319
 7240 1000 5727222 2827 7218 3743 9523 3921
537 5761154 7325 5331 3026 8687 2782 5786
 1516 3250 4308 1065 5805 6376 4483 3902 7003
 6731 9698 4479 2618 2596 2301 4996 7937 3296
 2162 9974 3594 8515 6000 4299 1548 9953 3998
 5613 4768 6117 3701 4763 7482 8332 4632 3264
 4664 2020 7410457 1416 3485 7893 1717789
816 2174 3213 4491 3519 4810 6418 3525441
 5733 6180 2409 1241 9988 1388 9516 6891 4003
 1908 6405 7770 6229 8377 1774 7303 7768 1453
 9592 1854 5804949987 2670 4017120 8424
 8907496 9491 2547 7845 5509 7644 6167 5996
 2968 7936 3933 3440 3382 6900 2460264 7362
 2187711 2949 4668 4463 23 3285 5501 5016
 9276 2126 2059804 7666340634 5565 1740
 6153 6655 6289221548 3002699 9162 2387
 8201387541 9734 5428 5019363 43 42
 6450 4289 3118 8743619 9405988 7586 6597
 1879 3445624 5958 3960 4114 1002351 1336
 3759 7638 3786 1458 8590 6674 4092 5590 4623
 3222 8070 2245 1465 8179 3404 7133950 8178
 3471 86 6511226 6210 8706 3435 6273 4412
 4665 9298 9651 5294 9393 4884 6942 4781 6471
 3114 8486 6421 2138 8501 3411 1909 9214 2842
 7473 1319 5414 7574 4422 2886 6204 1263 1243
 8309 1840 8173 2433155958 7607 5062 1406
 2708 2449 4228 4467 1647569 3453 7913315
 4578 2432 28231621 6832 1822499 6806
 8477 5578 1998 6886 9058 3385 4297 6437 8079
 3353 4468 4705 2936 2987 7886 1340 9445 3136
202 22 5648 9652 8861 2419 4704 3417 7507
 3193 6457 7011 4682 1970 2520 1677 6919 4357
 6250 9473 7715912 8408 7524 4948 1429 3067
732 6907 3831 8308 3620559 4234 1067 4428
 3007 9857 3747 7409 9871 4043 8200 2627 8604
 4113 3553132645 9434892410 3054 1017
 4911 5544 8803 7425287 1760 3957 1517 9597
 9490 3410 2429 2837 7073 8742 9095 2177 9736
 7046 9055 2217 4435 8267 4338 2694 1628 6267
 4679 9544 1343 3355 4817 7859 3732 2005 9130
 3885 5042 5424 4998 3242 3408 6002 9413 9688
 3686 5840 5276 7636 4527 4955 2455593 8114
 5215 1597 4312 7332 2481 9418 5355 7215 9037
 8808113 9841 6829 4217 3893 3856 7092 7284
 5586 6374260 6885 6040 5298 1369847 1596
 9175 6846 7541 4203 2572 6683 2179 6543 5551
708 2458 8883 5089 9571 3825 1519 4846 11
 9827 8761 8937 1678 3464 5255 5272 6332 1365
 9826379893 1810 9315 9689 1722 7763648
 3735 1359319 5342467 4112 4961 5385 6519
 8302 2098 2470 7295 3953 9237 3871 2781 9772
446 9545 1172 4940 2376 3526 5082 7255 6004
 5058 9620 4713 5980 1866508 7338 5572 9419
 6489 8110 9412 4699 1252 8679 6440 8316 7412
130 2323 6430 4821 89 5470 3484 9494 8827
 3861 9395 5969 7732646 9377 5096 7885 6998
 6848 1945 12 7497 5468 8170 6787889874
 3665 9108 5612 2620 1851 3568640 8244 1863
 1789 2069 3035 8375 4147 2437 4899 9135 6667
 4331 8165 8379 7274 5921 9759 7221 2704 1603
 8916 9598 7206 6220823 7366 5813 6777 9721
 8184 4051 2450 3840 2158 9385 25 8291 4178
 9884552613 7365 9715 4926 9271 8764 8118
 9604865 6072 4244364 3667 5043 6168 4116
 2535 8005 3235 9307 8855 4497534 5327 5111
 7546791 1899 4839 2726401 4001 5153 8113
 5190 5930 4649 6930 8062 8833 28 5622 1236
 4759 9379 3083 4322 1119 8342 71 2641 3248
 93 2917 3140522 8661 7827 4235602 3465
 7599 6612 9308 7404 6576 3131 3494 3423 9104
 4476 9278 2054 3694 1542 2846 6966 4825 8275
623 7107 9623 5287 2661 2567 5113359 4439
 6007 4758 2180 5450 8084 7676933 2322 2354
169 5127 8456 7402 5988 4628 1719 3891 7502
 7776 6800 9944 8502 4169 3219 4819 8924 8649
 6039 2244 8311 6459 2810 5120 9421 1786 5949
 5477 8482 4373 3682 4783520 8888 1153 7056
 5205 2631 1625 2058 6769 1253 6553 5522 6083
 8217 7372 3823 9750 8653 8849 8762 1979 5456
 2982 5366 3172 2717 4598886 1142 8128723
 8465 7146 2947 7125 6152 4278 9582 2459 6702
 7124 1714 5545 2033 3076 6571818 7396 5541
 5942 8552 7986 6208 9181 7898 8061 1187 9323
 1259 8651 2985 3545 4549 7022 8823 7508 5593
 7375 9213 6563 3094 9361 3110 9146 8131 9240
 8289 6361 2702 5187 5923 7982 4545 24 2742
 6348 1333 5846 9793 7714 5716 5615 7689 5915
 4130 6022 9243 3550 9103 4392 9120 6810116
 1709 33999 8355 1381 9218 8307 6940 9077
 2970 2131 2715 1920 1363 3915 7281 4470 7808
 9711 4814 8733388 8800 1704 2532 1874 1606
 6670 7188 4320 9859 6961 5441 9063 4353 7519
 5374 3216 1169 7447 4791 2809 3675 9331259
391 7561 4978 6384 6580 4004 4621 5818 6275
 3049 7060901 1749 6741 5900 9349 2570300
 1949 3810 1234 3816 2739 7791 4570 9003 8981
 2475 7675 6161 5140 1090 5240 3456 4266 3424
 7067 9860 2774 7866 3200 5881 1089 7660 3065
 4117 8396 7403 9808 75 3882 3389 1255 3947